1011010000111110000011111
0110010101011010101110100
1000100111011010111111110
0011100010100000011000001
1000110000000100000100110
0010011110011101000101001
1010110011010110001100101
0111001011111001011110111
0101000000011100101100011
1111001101111101110000111
1000111011000101000010100
1100000010001011010011011
1000011000111101110100000
1011100001111011011000010
1001001010010010101010101
0000101011111111101001001
1011001010010001001010011
0011101011010001010101001
0100110001100111111101110
0110110011010000010011001
1001011101110100001010110
0101001111010101100011011
1110001101111100101001100
1101100001001011011011101
0101001101101110010101010